CameraRight.Parameters=[ 1.09581 1.50042 0.694688 0.514833 0.823407 ]
CameraRightExtrinsic.Parameters=[ 1.13079 0.101654 0.536379 0.00635091 0.0465762 -0.00108737 ]
