CameraLeft.Parameters=[ 1.11944 1.52688 0.510746 0.526223 0.891622 ]
CameraLeftExtrinsic.Parameters=[ -1.15466 -0.0971715 -0.483777 -0.00635091 -0.0465762 0.00108737 ]
